BraTS 2019 Evaluation
Dice: 0.8303079650063007
Recall: 0.8272799776515519