Dice: 0.9037105552475353
Recall: 0.8966178547127991
